0.7492
0.7467999999999999
0.795
0.7938
0.8251999999999999
0.8192
0.8328
0.9057999999999999
0.8172
0.8396000000000001
0.8432000000000001
0.8302
0.8472000000000002
0.8250000000000002
0.8532000000000001
0.7930000000000001
0.7859999999999999
0.7646000000000001
0.6478
0.5988000000000001
0.5178
0.4672
0.3852
0.36779999999999996
0.3028
0.26780000000000004
0.2444
0.24580000000000002
0.18840000000000004
0.218
0.19580000000000003
0.19940000000000002
0.17740000000000003
0.1844
0.17220000000000005
0.17880000000000001
0.15300000000000005
0.15060000000000007
0.15840000000000004
0.15900000000000003
0.14200000000000002
0.13080000000000003
0.14640000000000003
0.13380000000000003
0.14500000000000005
0.15680000000000002
0.13180000000000003
0.14220000000000002
0.12700000000000003
0.11600000000000003
0.12940000000000004
0.11660000000000004
0.11020000000000003
0.13080000000000003
0.11860000000000002
0.12020000000000003
0.12860000000000002
0.12820000000000004
0.10980000000000004
0.10980000000000002
