0.7490000000000001
0.7489999999999999
0.816
0.8032999999999998
0.8319
0.8911
0.9406
0.9523999999999999
0.9532999999999998
0.9956999999999998
0.9902999999999997
0.9811999999999999
0.9704999999999998
0.9503
0.9384999999999999
0.9178000000000001
0.8667
0.7918999999999999
0.7066999999999999
0.6356000000000002
0.5557000000000001
0.47629999999999995
0.4229
0.3388999999999999
0.32189999999999996
0.28429999999999994
0.2782
0.2415
0.2395
0.22939999999999997
0.206
0.18659999999999996
0.18729999999999997
0.16119999999999998
0.17699999999999996
0.17079999999999998
0.182
0.1523
0.1482
0.13719999999999996
0.15329999999999996
0.1535
0.15329999999999994
0.1266
0.13279999999999997
0.13079999999999997
0.13829999999999998
0.12949999999999995
0.12779999999999997
0.13849999999999998
0.1173
0.12029999999999999
0.12269999999999996
0.1263
0.1234
0.11649999999999999
0.1195
0.11879999999999999
0.10640000000000001
0.11609999999999998
